0.0100 -91.5000
0.0110 -91.5000
0.0121 -91.5000
0.0134 -91.5000
0.0147 -91.5000
0.0163 -91.5000
0.0179 -91.5000
0.0197 -91.5000
0.0217 -91.5000
0.0240 -91.5000
0.0264 -91.5000
0.0291 -91.5000
0.0321 -91.5000
0.0353 -91.5000
0.0390 -91.5000
0.0429 -91.5000
0.0473 -91.5000
0.0521 -91.5000
0.0574 -91.5000
0.0633 -91.5000
0.0698 -91.5000
0.0769 -91.5000
0.0847 -91.5000
0.0934 -91.5000
0.1029 -91.5052
0.1134 -91.6079
0.1249 -91.8620
0.1377 -92.2937
0.1517 -92.9276
0.1672 -93.7836
0.1843 -94.8715
0.2031 -96.1836
0.2238 -97.7129
0.2466 -100.5236
0.2718 -104.6445
0.2995 -108.7839
0.3300 -110.9061
0.3637 -112.2011
0.4008 -113.5068
0.4417 -114.8005
0.4867 -116.0525
0.5364 -117.2255
0.5911 -118.2720
0.6514 -119.1335
0.7178 -119.7377
0.7910 -119.9969
0.8717 -119.9674
0.9606 -119.8394
1.0586 -119.5924
1.1666 -119.2003
1.2856 -118.6341
1.4167 -117.8632
1.5612 -116.8560
1.7204 -115.5826
1.8959 -114.0184
2.0893 -112.1492
2.3024 -109.9801
2.5373 -107.5468
2.7961 -104.9334
3.0813 -102.2971
3.3955 -99.9031
3.7419 -98.1742
4.1236 -97.1548
4.5442 -96.5112
5.0077 -96.8851
5.5185 -98.2013
6.0814 -100.1991
6.7017 -103.3703
7.3852 -105.0000
8.1385 -105.0000
8.9687 -105.0000
9.8835 -104.9999
10.8916 -104.9997
12.0025 -104.9994
13.2268 -104.9989
14.5759 -104.9980
16.0627 -104.9966
17.7011 -104.9944
19.5066 -104.9910
21.4963 -104.9859
23.6889 -104.9785
26.1052 -104.9677
28.7680 -104.9521
31.7023 -104.9298
34.9360 -104.8984
38.4995 -104.8541
42.4264 -104.7923
46.7539 -104.7062
51.5229 -104.5869
56.7782 -104.4223
62.5696 -104.1958
68.9518 -103.8850
75.9849 -103.4598
83.7354 -102.8792
92.2765 -102.0882
101.6887 -101.0123
112.0610 -99.5513
123.4913 -97.5704
136.0875 -94.8877
149.9685 -91.2591
