 0.0100 -135.0000
 0.0110 -135.0000
 0.0121 -135.0000
 0.0134 -135.0000
 0.0147 -135.0000
 0.0163 -135.0000
 0.0179 -135.0000
 0.0197 -135.0000
 0.0217 -135.0000
 0.0240 -135.0000
 0.0264 -135.0000
 0.0291 -135.0000
 0.0321 -135.0000
 0.0353 -135.0000
 0.0390 -135.0000
 0.0429 -135.0000
 0.0473 -135.0000
 0.0521 -135.0000
 0.0574 -135.0000
 0.0633 -135.0000
 0.0698 -135.0000
 0.0769 -135.0000
 0.0847 -135.0000
 0.0934 -135.0000
 0.1029 -135.0000
 0.1134 -135.0000
 0.1249 -135.0000
 0.1377 -135.0000
 0.1517 -135.0000
 0.1672 -135.0000
 0.1843 -135.0000
 0.2031 -135.0000
 0.2238 -135.0000
 0.2466 -135.0000
 0.2718 -135.0000
 0.2995 -135.0000
 0.3300 -135.0000
 0.3637 -135.0000
 0.4008 -135.0000
 0.4417 -135.0000
 0.4867 -135.0000
 0.5364 -135.0000
 0.5911 -135.0000
 0.6514 -135.0000
 0.7178 -135.0000
 0.7910 -135.0000
 0.8717 -135.0000
 0.9606 -135.0000
 1.0586 -134.9994
 1.1666 -134.9955
 1.2856 -134.9869
 1.4167 -134.9723
 1.5612 -134.9502
 1.7204 -134.9189
 1.8959 -134.8762
 2.0893 -134.8196
 2.3024 -134.7462
 2.5373 -134.6527
 2.7961 -134.5355
 3.0813 -134.3903
 3.3955 -134.2129
 3.7419 -133.9986
 4.1236 -133.7429
 4.5442 -133.4419
 5.0077 -133.0928
 5.5185 -132.6948
 6.0814 -132.2506
 6.7017 -131.7687
 7.3852 -131.2657
 8.1385 -130.7711
 8.9687 -130.3323
 9.8835 -130.0236
10.8916 -129.8348
12.0025 -129.6309
13.2268 -129.4086
14.5759 -129.1666
16.0627 -128.9035
17.7011 -128.6178
19.5066 -128.3083
21.4963 -127.9734
23.6889 -127.6120
26.1052 -127.2228
28.7680 -126.8050
31.7023 -126.3578
34.9360 -125.8809
38.4995 -125.3744
42.4264 -124.8393
46.7539 -124.2770
51.5229 -123.6902
56.7782 -123.0827
62.5696 -122.4598
68.9518 -121.8288
75.9849 -121.1989
83.7354 -120.5821
92.2765 -119.9932
101.6887 -119.4507
112.0610 -118.9766
123.4913 -118.5973
136.0875 -118.3434
149.9685 -118.2500
